# Decision 3 item 1: the within-mass aging check (261012 sec. 4.7.4; EXPLORATORY, POST HOC, no verdict rule), printed by validation/paper1_window_aging_261009.py

refused by the loader provenance guard (accelerated backend; sec. 4.7.1, 4.7.5): validate_acc_N100_20260826 eta_0p700: 90, validate_acc_N100_20260826 eta_0p720: 90

## 1. Per mass: Spearman(per-trajectory nu, per-trajectory psi6 run mean); combined over the masses; the pooled value of sec. 4.6 item 4b

| campaign | eta_true | in the window | seeds per mass | Spearman per mass, M ascending | combined over masses [95 % interval] | Cochran Q (dof, p) | pooled, recomputed (n) | pooled, recorded in sec. 4.6 |
|---|---|---|---|---|---|---|---|---|
| A1v2_20260914 | 0.6905 | no | 25 | +0.01, +0.44, -0.38, -0.45, -0.26, -0.55, -0.25, -0.14, +0.03 | -0.18 [-0.32, -0.04] | 17.8 (8, 0.023) | -0.16 (p 1.5e-02), 225 | -0.16 (p 1.5e-02), 225 |
| A1v2_20260914 | 0.6956 | no | 25 | +0.00, -0.26, -0.13, -0.20, -0.17, +0.12, -0.00, +0.04, -0.17 | -0.09 [-0.23, +0.06] | 2.9 (8, 0.94) | -0.11 (p 1.0e-01), 225 | -0.11 (p 1.0e-01), 225 |
| A1v2_20260914 | 0.7007 | yes | 25 | +0.26, -0.25, +0.18, -0.30, +0.02, -0.29, +0.09, -0.14, +0.06 | -0.04 [-0.19, +0.10] | 7.7 (8, 0.46) | -0.03 (p 6.7e-01), 225 | -0.03 (p 6.7e-01), 225 |
| A1v2_20260914 | 0.7060 | yes | 25 | +0.65, +0.60, +0.80, +0.72, +0.84, +0.58, +0.74, +0.57, +0.54 | +0.68 [+0.60, +0.75] | 7.7 (8, 0.46) | +0.84 (p 5.2e-62), 225 | +0.84 (p 5.2e-62), 225 |
| A1v2_20260914 | 0.7113 | yes | 25 | -0.80, -0.74, -0.74, -0.63, -0.01, -0.14, -0.27, -0.37, -0.14 | -0.48 [-0.58, -0.36] | 28.8 (8, 0.00034) | -0.56 (p 8.7e-20), 225 | -0.56 (p 8.7e-20), 225 |
| A1v2_20260914 | 0.7167 | yes | 25 | -0.56, -0.11, -0.69, -0.39, -0.30, -0.41, -0.60, -0.78, -0.67 | -0.53 [-0.62, -0.42] | 14.4 (8, 0.072) | -0.65 (p 1.2e-28), 225 | -0.65 (p 1.2e-28), 225 |
| A1v2_20260914 | 0.7222 | no | 25 | -0.29, -0.22, -0.48, -0.09, -0.07, +0.21, +0.25, -0.28, -0.35 | -0.15 [-0.29, -0.01] | 11.3 (8, 0.19) | -0.52 (p 6.8e-17), 225 | -0.52 (p 6.8e-17), 225 |
| campaign_transition_psi6run_20260823 | 0.6905 | no | 25 | +0.17, -0.06, -0.36, -0.21, +0.28, -0.09, -0.24, -0.11, +0.02 | -0.07 [-0.21, +0.07] | 7.0 (8, 0.53) | -0.08 (p 2.3e-01), 225 | -0.08 (p 2.3e-01), 225 |
| campaign_transition_psi6run_20260823 | 0.6956 | no | 25 | -0.12, -0.44, -0.13, -0.39, +0.02, -0.10, -0.09, +0.17, -0.39 | -0.17 [-0.31, -0.03] | 7.9 (8, 0.44) | -0.18 (p 8.0e-03), 225 | -0.18 (p 8.0e-03), 225 |
| campaign_transition_psi6run_20260823 | 0.7007 | yes | 25 | +0.16, -0.33, +0.29, +0.31, -0.04, -0.55, +0.02, -0.26, -0.27 | -0.08 [-0.22, +0.06] | 16.6 (8, 0.035) | +0.06 (p 3.6e-01), 225 | +0.06 (p 3.6e-01), 225 |
| campaign_transition_psi6run_20260823 | 0.7060 | yes | 25 | +0.06, +0.53, +0.39, +0.06, +0.25, +0.64, +0.64, +0.43, +0.54 | +0.41 [+0.29, +0.52] | 11.9 (8, 0.16) | +0.44 (p 7.8e-12), 225 | +0.44 (p 7.8e-12), 225 |
| campaign_transition_psi6run_20260823 | 0.7113 | yes | 25 | -0.69, -0.61, -0.58, -0.34, -0.44, -0.56, -0.87, -0.57, -0.69 | -0.62 [-0.70, -0.53] | 13.3 (8, 0.1) | -0.68 (p 2.2e-31), 225 | -0.68 (p 2.2e-31), 225 |
| campaign_transition_psi6run_20260823 | 0.7167 | yes | 25 | -0.53, +0.07, -0.17, -0.11, +0.21, -0.32, -0.03, -0.28, +0.03 | -0.13 [-0.27, +0.01] | 9.9 (8, 0.27) | -0.37 (p 1.3e-08), 225 | -0.37 (p 1.3e-08), 225 |
| campaign_transition_psi6run_20260823 | 0.7222 | no | 25 | -0.15, +0.19, +0.25, -0.09, +0.01, -0.05, -0.07, -0.21, +0.13 | +0.00 [-0.14, +0.14] | 4.2 (8, 0.84) | +0.06 (p 3.7e-01), 225 | +0.06 (p 3.7e-01), 225 |
| ladder_N100_20260825 | 0.7007 | yes | 10 | -0.27, +0.34, +0.14, -0.04, -0.48, +0.49, +0.00, -0.31, +0.03 | -0.01 [-0.26, +0.24] | 5.9 (8, 0.66) | -0.05 (p 6.7e-01), 90 | -0.05 (p 6.7e-01), 90 |
| ladder_N100_20260825 | 0.7222 | no | 10 | -0.28, -0.33, -0.21, -0.28, +0.09, +0.00, -0.58, +0.75, +0.52 | -0.02 [-0.27, +0.23] | 13.7 (8, 0.091) | -0.08 (p 4.7e-01), 90 | -0.08 (p 4.7e-01), 90 |
| ladder_N200_20260825 | 0.7007 | yes | 10 | +0.43, -0.53, +0.38, -0.47, +0.18, +0.23, +0.19, -0.74, +0.05 | -0.06 [-0.30, +0.19] | 13.1 (8, 0.11) | -0.04 (p 7.0e-01), 90 | -0.04 (p 7.0e-01), 90 |
| ladder_N200_20260825 | 0.7208 | no | 10 | +0.37, +0.05, +0.19, -0.26, -0.20, -0.30, +0.17, +0.31, -0.66 | -0.05 [-0.30, +0.20] | 7.5 (8, 0.48) | +0.11 (p 2.9e-01), 90 | +0.11 (p 2.9e-01), 90 |
| ladder_N400_20260825 | 0.7001 | yes | 10 | +0.27, -0.14, -0.72, -0.34, -0.46, -0.38, -0.42, -0.25, -0.65 | -0.37 [-0.57, -0.14] | 6.3 (8, 0.61) | -0.37 (p 3.5e-04), 90 | -0.37 (p 3.5e-04), 90 |
| ladder_N400_20260825 | 0.7201 | no | 10 | +0.01, -0.24, +0.14, -0.12, +0.23, +0.16, +0.61, +0.65, +0.36 | +0.22 [-0.03, +0.45] | 6.4 (8, 0.61) | +0.26 (p 1.3e-02), 90 | +0.26 (p 1.3e-02), 90 |
| routeB_radius_N100_L0_20_20260825 | 0.6900 | no | 25 | -0.34, -0.51, -0.21, -0.40, -0.02, -0.28, -0.10, +0.17, -0.16 | -0.22 [-0.35, -0.07] | 8.1 (8, 0.43) | -0.25 (p 1.7e-04), 225 | -0.25 (p 1.7e-04), 225 |
| routeB_radius_N100_L0_20_20260825 | 0.6950 | no | 25 | -0.35, -0.43, -0.15, -0.36, +0.06, -0.26, +0.02, -0.30, -0.04 | -0.21 [-0.34, -0.07] | 5.9 (8, 0.66) | -0.25 (p 1.3e-04), 225 | -0.25 (p 1.3e-04), 225 |
| routeB_radius_N100_L0_20_20260825 | 0.7000 | yes | 25 | -0.28, -0.40, -0.37, -0.68, -0.35, -0.42, -0.08, -0.32, -0.56 | -0.40 [-0.51, -0.27] | 7.7 (8, 0.46) | -0.39 (p 1.1e-09), 225 | -0.39 (p 1.1e-09), 225 |
| routeB_radius_N100_L0_20_20260825 | 0.7050 | yes | 25 | -0.43, -0.60, -0.66, -0.83, -0.45, -0.34, -0.77, -0.05, -0.48 | -0.55 [-0.64, -0.44] | 19.7 (8, 0.012) | -0.54 (p 2.8e-18), 225 | -0.54 (p 2.8e-18), 225 |
| routeB_radius_N100_L0_20_20260825 | 0.7100 | yes | 25 | -0.71, -0.76, -0.44, -0.59, -0.70, -0.51, -0.53, -0.77, -0.64 | -0.64 [-0.72, -0.55] | 6.3 (8, 0.61) | -0.65 (p 1.9e-28), 225 | -0.65 (p 1.9e-28), 225 |
| routeB_radius_N100_L0_20_20260825 | 0.7150 | yes | 25 | -0.86, -0.81, -0.66, -0.45, -0.54, -0.32, -0.58, -0.31, -0.16 | -0.57 [-0.66, -0.46] | 23.8 (8, 0.0025) | -0.64 (p 1.2e-27), 225 | -0.64 (p 1.2e-27), 225 |
| routeB_radius_N100_L0_20_20260825 | 0.7200 | no | 25 | -0.66, -0.70, -0.66, -0.49, -0.18, -0.55, -0.32, -0.36, -0.37 | -0.49 [-0.60, -0.38] | 9.6 (8, 0.3) | -0.57 (p 1.5e-20), 225 | -0.57 (p 1.5e-20), 225 |
| routeB_radius_N100_L0_20_20260825 | 0.7250 | no | 25 | -0.79, -0.74, -0.73, -0.33, -0.55, -0.55, -0.53, -0.28, -0.34 | -0.56 [-0.65, -0.46] | 13.4 (8, 0.098) | -0.64 (p 7.0e-27), 225 | -0.64 (p 7.0e-27), 225 |

gate: the pooled values recomputed here against sec. 4.6's printed table: IDENTICAL to the printed digits in every cell compared (28 of its 30 rows compared)
rows of sec. 4.6's table not recomputed here: validate_acc_N100_20260826 0.7007, validate_acc_N100_20260826 0.7222 (refused by the loader provenance guard: the accelerated backend, withdrawn in sec. 4.7.1)

## 2. First half against second half of each trajectory: dnu = nu2/nu1 - 1 (same estimator on TD/2 periods each)

| campaign | eta_true | in the window | TD (periods per half) | argmax resolution of a half | trajectories | mean dnu [%] (SE) | dnu exactly 0 (one bin) | within-mass Spearman(dnu, psi6 end - hold), combined [95 % interval] | Cochran Q (dof, p) | mean dA [%] (SE) | within-mass Spearman(dnu, dA), combined [95 % interval] |
|---|---|---|---|---|---|---|---|---|---|---|---|
| A1v2_20260914 | 0.6905 | no | 200 (100) | 1.0 % | 225 | -0.41 (0.22) | 33 (15 %) | -0.06 [-0.20, +0.08] | 12.2 (8, 0.14) | +2.85 (1.12) | -0.03 [-0.17, +0.11] |
| A1v2_20260914 | 0.6956 | no | 200 (100) | 1.0 % | 225 | -0.19 (0.20) | 30 (13 %) | +0.09 [-0.05, +0.23] | 7.2 (8, 0.52) | +2.56 (1.12) | -0.01 [-0.15, +0.13] |
| A1v2_20260914 | 0.7007 | yes | 200 (100) | 1.0 % | 225 | +0.19 (0.28) | 24 (11 %) | +0.14 [-0.00, +0.27] | 7.8 (8, 0.45) | +0.96 (1.13) | +0.09 [-0.05, +0.23] |
| A1v2_20260914 | 0.7060 | yes | 200 (100) | 1.0 % | 225 | +7.45 (0.78) | 15 (7 %) | +0.29 [+0.15, +0.42] | 6.1 (8, 0.64) | -9.63 (1.21) | -0.16 [-0.30, -0.02] |
| A1v2_20260914 | 0.7113 | yes | 200 (100) | 1.0 % | 225 | +10.37 (0.85) | 18 (8 %) | +0.05 [-0.10, +0.19] | 15.5 (8, 0.051) | -13.87 (1.49) | -0.29 [-0.42, -0.16] |
| A1v2_20260914 | 0.7167 | yes | 200 (100) | 1.0 % | 225 | +7.78 (0.85) | 23 (10 %) | -0.31 [-0.43, -0.18] | 6.8 (8, 0.56) | -2.31 (1.76) | -0.19 [-0.32, -0.05] |
| A1v2_20260914 | 0.7222 | no | 200 (100) | 1.0 % | 225 | +1.13 (0.38) | 52 (23 %) | -0.17 [-0.30, -0.03] | 8.4 (8, 0.39) | +4.89 (1.70) | -0.11 [-0.25, +0.03] |
| campaign_transition_psi6run_20260823 | 0.6905 | no | 37, 40, 53, 67 (18.5, 20, 26.5, 33.5) | 5.4 %, 5.0 %, 3.8 %, 3.0 % | 225 | -0.59 (0.36) | 64 (28 %) | -0.06 [-0.20, +0.08] | 4.8 (8, 0.77) | +6.18 (2.05) | -0.13 [-0.26, +0.02] |
| campaign_transition_psi6run_20260823 | 0.6956 | no | 37, 42, 55, 69 (18.5, 21, 27.5, 34.5) | 5.4 %, 4.8 %, 3.6 %, 2.9 % | 225 | -0.77 (0.37) | 66 (29 %) | -0.06 [-0.20, +0.09] | 1.9 (8, 0.98) | +7.39 (2.13) | -0.13 [-0.27, +0.01] |
| campaign_transition_psi6run_20260823 | 0.7007 | yes | 37, 43, 57, 72 (18.5, 21.5, 28.5, 36) | 5.4 %, 4.7 %, 3.5 %, 2.8 % | 225 | -0.32 (0.39) | 53 (24 %) | -0.06 [-0.20, +0.09] | 8.0 (8, 0.43) | +0.27 (1.71) | +0.06 [-0.09, +0.20] |
| campaign_transition_psi6run_20260823 | 0.7060 | yes | 37, 38, 45, 59, 74 (18.5, 19, 22.5, 29.5, 37) | 5.4 %, 5.3 %, 4.4 %, 3.4 %, 2.7 % | 225 | +3.10 (0.71) | 56 (25 %) | +0.22 [+0.08, +0.36] | 2.7 (8, 0.95) | -0.03 (1.99) | -0.14 [-0.28, +0.00] |
| campaign_transition_psi6run_20260823 | 0.7113 | yes | 37, 39, 47, 62, 77 (18.5, 19.5, 23.5, 31, 38.5) | 5.4 %, 5.1 %, 4.3 %, 3.2 %, 2.6 % | 225 | +6.68 (0.81) | 54 (24 %) | -0.41 [-0.52, -0.28] | 16.0 (8, 0.042) | +2.51 (2.20) | -0.13 [-0.27, +0.01] |
| campaign_transition_psi6run_20260823 | 0.7167 | yes | 37, 40, 48, 64, 80 (18.5, 20, 24, 32, 40) | 5.4 %, 5.0 %, 4.2 %, 3.1 %, 2.5 % | 225 | +1.56 (0.50) | 91 (40 %) | -0.07 [-0.21, +0.07] | 10.1 (8, 0.26) | +20.07 (2.93) | -0.02 [-0.16, +0.12] |
| campaign_transition_psi6run_20260823 | 0.7222 | no | 37, 42, 50, 66, 83 (18.5, 21, 25, 33, 41.5) | 5.4 %, 4.8 %, 4.0 %, 3.0 %, 2.4 % | 225 | +0.24 (0.28) | 94 (42 %) | +0.02 [-0.12, +0.17] | 5.2 (8, 0.73) | +22.75 (3.05) | +0.07 [-0.07, +0.21] |
| ladder_N100_20260825 | 0.7007 | yes | 37, 43, 57, 72 (18.5, 21.5, 28.5, 36) | 5.4 %, 4.7 %, 3.5 %, 2.8 % | 90 | +0.70 (0.87) | 18 (20 %) | -0.11 [-0.35, +0.14] | 3.4 (8, 0.91) | +1.46 (2.90) | +0.03 [-0.22, +0.28] |
| ladder_N100_20260825 | 0.7222 | no | 37, 42, 50, 66, 83 (18.5, 21, 25, 33, 41.5) | 5.4 %, 4.8 %, 4.0 %, 3.0 %, 2.4 % | 90 | +0.43 (0.39) | 38 (42 %) | -0.03 [-0.27, +0.22] | 5.7 (8, 0.68) | +14.53 (4.26) | +0.34 [+0.10, +0.54] |
| ladder_N200_20260825 | 0.7007 | yes | 37, 38 (18.5, 19) | 5.4 %, 5.3 % | 90 | +0.57 (0.70) | 26 (29 %) | -0.21 [-0.43, +0.04] | 22.5 (8, 0.0041) | +9.50 (3.07) | +0.12 [-0.13, +0.36] |
| ladder_N200_20260825 | 0.7208 | no | 37, 44 (18.5, 22) | 5.4 %, 4.5 % | 90 | -4.57 (1.56) | 9 (10 %) | +0.39 [+0.16, +0.58] | 7.1 (8, 0.53) | +4.98 (2.70) | -0.21 [-0.43, +0.04] |
| ladder_N400_20260825 | 0.7001 | yes | 37 (18.5) | 5.4 % | 90 | -0.18 (0.54) | 25 (28 %) | -0.07 [-0.31, +0.18] | 10.7 (8, 0.22) | +11.71 (3.78) | +0.27 [+0.03, +0.49] |
| ladder_N400_20260825 | 0.7201 | no | 37 (18.5) | 5.4 % | 90 | +0.26 (0.50) | 33 (37 %) | +0.23 [-0.02, +0.45] | 17.7 (8, 0.024) | +13.94 (3.95) | +0.04 [-0.21, +0.29] |
| routeB_radius_N100_L0_20_20260825 | 0.6900 | no | 37 (18.5) | 5.4 % | 225 | -1.15 (0.74) | 31 (14 %) | -0.10 [-0.24, +0.05] | 8.3 (8, 0.4) | +4.98 (1.52) | -0.19 [-0.32, -0.04] |
| routeB_radius_N100_L0_20_20260825 | 0.6950 | no | 37 (18.5) | 5.4 % | 225 | +1.38 (1.52) | 27 (12 %) | -0.01 [-0.15, +0.13] | 11.0 (8, 0.2) | +3.72 (1.71) | -0.16 [-0.30, -0.02] |
| routeB_radius_N100_L0_20_20260825 | 0.7000 | yes | 37 (18.5) | 5.4 % | 225 | -1.17 (0.67) | 28 (12 %) | -0.11 [-0.24, +0.04] | 5.7 (8, 0.68) | +2.49 (1.74) | -0.14 [-0.27, +0.00] |
| routeB_radius_N100_L0_20_20260825 | 0.7050 | yes | 37 (18.5) | 5.4 % | 225 | -0.62 (0.85) | 29 (13 %) | -0.16 [-0.29, -0.01] | 2.1 (8, 0.98) | +1.99 (1.84) | -0.18 [-0.32, -0.04] |
| routeB_radius_N100_L0_20_20260825 | 0.7100 | yes | 37 (18.5) | 5.4 % | 225 | -2.23 (0.86) | 38 (17 %) | -0.10 [-0.24, +0.05] | 6.1 (8, 0.64) | +1.33 (1.76) | -0.02 [-0.16, +0.13] |
| routeB_radius_N100_L0_20_20260825 | 0.7150 | yes | 37 (18.5) | 5.4 % | 225 | -1.34 (1.53) | 34 (15 %) | -0.20 [-0.33, -0.06] | 5.6 (8, 0.7) | +2.15 (1.94) | -0.01 [-0.15, +0.13] |
| routeB_radius_N100_L0_20_20260825 | 0.7200 | no | 37 (18.5) | 5.4 % | 225 | -4.44 (0.75) | 46 (20 %) | -0.17 [-0.30, -0.03] | 3.6 (8, 0.89) | -2.07 (1.96) | -0.09 [-0.23, +0.05] |
| routeB_radius_N100_L0_20_20260825 | 0.7250 | no | 37 (18.5) | 5.4 % | 225 | -4.69 (1.77) | 52 (23 %) | -0.04 [-0.18, +0.10] | 7.4 (8, 0.49) | -6.78 (2.01) | -0.18 [-0.31, -0.04] |

(EXPLORATORY: no verdict rule. A positive mean dnu means the frequency rises from the first to the second half of the record; psi6 end - hold is the structural change over the whole record, the only per-run time information psi6 has.)
(decision 7 ii, 2026-10-09: dA = A2/A1 - 1, A = RMS displacement of the divider about the half's mean, the same samples as nu1 and nu2. A negative mean dA means the swing shrinks from the first to the second half.)
